34	67	5
34	68	5
34	222	5
34	698	5
34	761	5
34	904	5
34	993	5
34	1164	5
34	1177	5
34	1237	5
34	1849	5
34	1869	5
34	1996	5
34	2001	5
34	2017	5
34	2018	5
34	2020	5
34	2021	5
34	2147	5
34	2157	5
34	2434	5
34	2539	5
34	2545	5
34	2855	5
34	2945	5
34	2961	5
34	3093	5
34	3106	5
34	3188	5
34	3189	5
34	3198	5
34	3437	5
34	3676	5
34	3677	5
34	3678	5
34	3679	5
34	3762	5
34	4044	5
34	4217	5
34	4301	5
34	4418	5
34	4707	5
34	5087	5
34	5137	5
34	5609	5
34	5754	5
34	6016	5
34	6173	5
34	6637	5
34	6737	4
34	6814	5
34	6912	5
34	6957	5
34	7071	5
34	7083	5
34	7304	5
34	7449	5
34	7498	5
34	7535	5
34	7536	5
34	7658	5
34	7814	5
34	7916	5
34	8209	5
34	8303	5
34	8339	5
34	8959	5
34	9413	5
34	9474	5
34	9485	5
34	9679	5
34	9781	5
34	9803	5
34	9926	5
34	9932	5
34	10198	5
34	10201	5
34	10484	5
34	10520	5
34	10542	5
67	68	5
67	222	5
67	698	5
67	761	5
67	904	5
67	993	5
67	1164	5
67	1177	5
67	1237	5
67	1849	5
67	1869	5
67	1996	5
67	2001	5
67	2017	5
67	2018	5
67	2020	5
67	2021	5
67	2147	5
67	2157	5
67	2434	5
67	2539	5
67	2545	5
67	2855	5
67	2945	5
67	2961	5
67	3093	5
67	3106	5
67	3188	5
67	3189	5
67	3198	5
67	3437	5
67	3676	5
67	3677	5
67	3678	5
67	3679	5
67	3762	5
67	4044	5
67	4217	5
67	4301	5
67	4418	5
67	4707	5
67	5087	5
67	5137	5
67	5609	5
67	5754	5
67	6016	5
67	6173	5
67	6637	5
67	6737	4
67	6814	5
67	6912	5
67	6957	5
67	7071	5
67	7083	5
67	7304	5
67	7449	5
67	7498	5
67	7535	5
67	7536	5
67	7658	5
67	7814	5
67	7916	5
67	8209	5
67	8303	5
67	8339	5
67	8959	5
67	9413	5
67	9474	5
67	9485	5
67	9679	5
67	9781	5
67	9803	5
67	9926	5
67	9932	5
67	10198	5
67	10201	5
67	10484	5
67	10520	5
67	10542	5
68	222	5
68	698	5
68	761	5
68	904	5
68	993	5
68	1164	5
68	1177	5
68	1237	5
68	1849	5
68	1869	5
68	1996	5
68	2001	5
68	2017	5
68	2018	5
68	2020	5
68	2021	5
68	2147	5
68	2157	5
68	2434	5
68	2539	5
68	2545	5
68	2855	5
68	2945	5
68	2961	5
68	3093	5
68	3106	5
68	3188	5
68	3189	5
68	3198	5
68	3437	5
68	3676	5
68	3677	5
68	3678	5
68	3679	5
68	3762	5
68	4044	5
68	4217	5
68	4301	5
68	4418	5
68	4707	5
68	5087	5
68	5137	5
68	5609	5
68	5754	5
68	6016	5
68	6173	5
68	6637	5
68	6737	4
68	6814	5
68	6912	5
68	6957	5
68	7071	5
68	7083	5
68	7304	5
68	7449	5
68	7498	5
68	7535	5
68	7536	5
68	7658	5
68	7814	5
68	7916	5
68	8209	5
68	8303	5
68	8339	5
68	8959	5
68	9413	5
68	9474	5
68	9485	5
68	9679	5
68	9781	5
68	9803	5
68	9926	5
68	9932	5
68	10198	5
68	10201	5
68	10484	5
68	10520	5
68	10542	5
169	2774	1
169	3668	1
169	4361	1
169	4389	1
169	4468	1
169	4665	2
169	5502	1
169	6931	1
169	7863	1
169	7997	1
169	8807	1
169	9246	1
170	2342	1
170	2774	1
170	3214	1
170	4321	1
170	4341	1
170	4361	1
170	4648	2
170	8801	1
215	260	3
215	479	3
215	3959	3
215	4341	1
215	4342	1
215	4356	3
215	4388	1
215	5625	2
215	7132	3
215	7799	3
215	8548	2
222	698	5
222	761	5
222	904	5
222	993	5
222	1164	5
222	1177	5
222	1237	5
222	1849	5
222	1869	5
222	1996	5
222	2001	5
222	2017	5
222	2018	5
222	2020	5
222	2021	5
222	2147	5
222	2157	5
222	2434	5
222	2539	5
222	2545	5
222	2855	5
222	2945	5
222	2961	5
222	3093	5
222	3106	5
222	3188	5
222	3189	5
222	3198	5
222	3437	5
222	3676	5
222	3677	5
222	3678	5
222	3679	5
222	3762	5
222	4044	5
222	4217	5
222	4301	5
222	4418	5
222	4707	5
222	5087	5
222	5137	5
222	5609	5
222	5754	5
222	6016	5
222	6173	5
222	6637	5
222	6737	4
222	6814	5
222	6912	5
222	6957	5
222	7071	5
222	7083	5
222	7304	5
222	7449	5
222	7498	5
222	7535	5
222	7536	5
222	7658	5
222	7814	5
222	7916	5
222	8209	5
222	8303	5
222	8339	5
222	8959	5
222	9413	5
222	9474	5
222	9485	5
222	9679	5
222	9781	5
222	9803	5
222	9926	5
222	9932	5
222	10198	5
222	10201	5
222	10484	5
222	10520	5
222	10542	5
260	479	3
260	3959	3
260	4341	1
260	4342	1
260	4356	3
260	4388	1
260	5625	2
260	7132	3
260	7799	3
260	8548	2
479	3959	3
479	4341	1
479	4342	1
479	4356	3
479	4388	1
479	5625	2
479	7132	3
479	7799	3
479	8548	2
698	761	5
698	904	5
698	993	5
698	1164	5
698	1177	5
698	1237	5
698	1849	5
698	1869	5
698	1996	5
698	2001	5
698	2017	5
698	2018	5
698	2020	5
698	2021	5
698	2147	5
698	2157	5
698	2434	5
698	2539	5
698	2545	5
698	2855	5
698	2945	5
698	2961	5
698	3093	5
698	3106	5
698	3188	5
698	3189	5
698	3198	5
698	3437	5
698	3676	5
698	3677	5
698	3678	5
698	3679	5
698	3762	5
698	4044	5
698	4217	5
698	4301	5
698	4418	5
698	4707	5
698	5087	5
698	5137	5
698	5609	5
698	5754	5
698	6016	5
698	6173	5
698	6637	5
698	6737	4
698	6814	5
698	6912	5
698	6957	5
698	7071	5
698	7083	5
698	7304	5
698	7449	5
698	7498	5
698	7535	5
698	7536	5
698	7658	5
698	7814	5
698	7916	5
698	8209	5
698	8303	5
698	8339	5
698	8959	5
698	9413	5
698	9474	5
698	9485	5
698	9679	5
698	9781	5
698	9803	5
698	9926	5
698	9932	5
698	10198	5
698	10201	5
698	10484	5
698	10520	5
698	10542	5
752	2400	1
752	4341	1
752	4661	1
752	7285	1
752	8891	1
761	904	5
761	993	5
761	1164	5
761	1177	5
761	1237	5
761	1849	5
761	1869	5
761	1996	5
761	2001	5
761	2017	5
761	2018	5
761	2020	5
761	2021	5
761	2147	5
761	2157	5
761	2434	5
761	2539	5
761	2545	5
761	2855	5
761	2945	5
761	2961	5
761	3093	5
761	3106	5
761	3188	5
761	3189	5
761	3198	5
761	3437	5
761	3676	5
761	3677	5
761	3678	5
761	3679	5
761	3762	5
761	4044	5
761	4217	5
761	4301	5
761	4418	5
761	4707	5
761	5087	5
761	5137	5
761	5609	5
761	5754	5
761	6016	5
761	6173	5
761	6637	5
761	6737	4
761	6814	5
761	6912	5
761	6957	5
761	7071	5
761	7083	5
761	7304	5
761	7449	5
761	7498	5
761	7535	5
761	7536	5
761	7658	5
761	7814	5
761	7916	5
761	8209	5
761	8303	5
761	8339	5
761	8959	5
761	9413	5
761	9474	5
761	9485	5
761	9679	5
761	9781	5
761	9803	5
761	9926	5
761	9932	5
761	10198	5
761	10201	5
761	10484	5
761	10520	5
761	10542	5
904	993	5
904	1164	5
904	1177	5
904	1237	5
904	1849	5
904	1869	5
904	1996	5
904	2001	5
904	2017	5
904	2018	5
904	2020	5
904	2021	5
904	2147	5
904	2157	5
904	2434	5
904	2539	5
904	2545	5
904	2855	5
904	2945	5
904	2961	5
904	3093	5
904	3106	5
904	3188	5
904	3189	5
904	3198	5
904	3437	5
904	3676	5
904	3677	5
904	3678	5
904	3679	5
904	3762	5
904	4044	5
904	4217	5
904	4301	5
904	4418	5
904	4707	5
904	5087	5
904	5137	5
904	5609	5
904	5754	5
904	6016	5
904	6173	5
904	6637	5
904	6737	4
904	6814	5
904	6912	5
904	6957	5
904	7071	5
904	7083	5
904	7304	5
904	7449	5
904	7498	5
904	7535	5
904	7536	5
904	7658	5
904	7814	5
904	7916	5
904	8209	5
904	8303	5
904	8339	5
904	8959	5
904	9413	5
904	9474	5
904	9485	5
904	9679	5
904	9781	5
904	9803	5
904	9926	5
904	9932	5
904	10198	5
904	10201	5
904	10484	5
904	10520	5
904	10542	5
993	1164	5
993	1177	5
993	1237	5
993	1849	5
993	1869	5
993	1996	5
993	2001	5
993	2017	5
993	2018	5
993	2020	5
993	2021	5
993	2147	5
993	2157	5
993	2434	5
993	2539	5
993	2545	5
993	2855	5
993	2945	5
993	2961	5
993	3093	5
993	3106	5
993	3188	5
993	3189	5
993	3198	5
993	3437	5
993	3676	5
993	3677	5
993	3678	5
993	3679	5
993	3762	5
993	4044	5
993	4217	5
993	4301	5
993	4418	5
993	4707	5
993	5087	5
993	5137	5
993	5609	5
993	5754	5
993	6016	5
993	6173	5
993	6637	5
993	6737	4
993	6814	5
993	6912	5
993	6957	5
993	7071	5
993	7083	5
993	7304	5
993	7449	5
993	7498	5
993	7535	5
993	7536	5
993	7658	5
993	7814	5
993	7916	5
993	8209	5
993	8303	5
993	8339	5
993	8959	5
993	9413	5
993	9474	5
993	9485	5
993	9679	5
993	9781	5
993	9803	5
993	9926	5
993	9932	5
993	10198	5
993	10201	5
993	10484	5
993	10520	5
993	10542	5
1131	3214	1
1131	4307	1
1131	4321	1
1131	4334	1
1131	4388	1
1131	4432	1
1131	4796	1
1131	4823	1
1131	7118	1
1131	7202	1
1131	7863	1
1131	8807	1
1164	1177	5
1164	1237	5
1164	1849	5
1164	1869	5
1164	1996	5
1164	2001	5
1164	2017	5
1164	2018	5
1164	2020	5
1164	2021	5
1164	2147	5
1164	2157	5
1164	2434	5
1164	2539	5
1164	2545	5
1164	2855	5
1164	2945	5
1164	2961	5
1164	3093	5
1164	3106	5
1164	3188	5
1164	3189	5
1164	3198	5
1164	3437	5
1164	3676	5
1164	3677	5
1164	3678	5
1164	3679	5
1164	3762	5
1164	4044	5
1164	4217	5
1164	4301	5
1164	4418	5
1164	4707	5
1164	5087	5
1164	5137	5
1164	5609	5
1164	5754	5
1164	6016	5
1164	6173	5
1164	6637	5
1164	6737	4
1164	6814	5
1164	6912	5
1164	6957	5
1164	7071	5
1164	7083	5
1164	7304	5
1164	7449	5
1164	7498	5
1164	7535	5
1164	7536	5
1164	7658	5
1164	7814	5
1164	7916	5
1164	8209	5
1164	8303	5
1164	8339	5
1164	8959	5
1164	9413	5
1164	9474	5
1164	9485	5
1164	9679	5
1164	9781	5
1164	9803	5
1164	9926	5
1164	9932	5
1164	10198	5
1164	10201	5
1164	10484	5
1164	10520	5
1164	10542	5
1177	1237	5
1177	1849	5
1177	1869	5
1177	1996	5
1177	2001	5
1177	2017	5
1177	2018	5
1177	2020	5
1177	2021	5
1177	2147	5
1177	2157	5
1177	2434	5
1177	2539	5
1177	2545	5
1177	2855	5
1177	2945	5
1177	2961	5
1177	3093	5
1177	3106	5
1177	3188	5
1177	3189	5
1177	3198	5
1177	3437	5
1177	3676	5
1177	3677	5
1177	3678	5
1177	3679	5
1177	3762	5
1177	4044	5
1177	4217	5
1177	4301	5
1177	4418	5
1177	4707	5
1177	5087	5
1177	5137	5
1177	5609	5
1177	5754	5
1177	6016	5
1177	6173	5
1177	6637	5
1177	6737	4
1177	6814	5
1177	6912	5
1177	6957	5
1177	7071	5
1177	7083	5
1177	7304	5
1177	7449	5
1177	7498	5
1177	7535	5
1177	7536	5
1177	7658	5
1177	7814	5
1177	7916	5
1177	8209	5
1177	8303	5
1177	8339	5
1177	8959	5
1177	9413	5
1177	9474	5
1177	9485	5
1177	9679	5
1177	9781	5
1177	9803	5
1177	9926	5
1177	9932	5
1177	10198	5
1177	10201	5
1177	10484	5
1177	10520	5
1177	10542	5
1237	1849	5
1237	1869	5
1237	1996	5
1237	2001	5
1237	2017	5
1237	2018	5
1237	2020	5
1237	2021	5
1237	2147	5
1237	2157	5
1237	2434	5
1237	2539	5
1237	2545	5
1237	2855	5
1237	2945	5
1237	2961	5
1237	3093	5
1237	3106	5
1237	3188	5
1237	3189	5
1237	3198	5
1237	3437	5
1237	3676	5
1237	3677	5
1237	3678	5
1237	3679	5
1237	3762	5
1237	4044	5
1237	4217	5
1237	4301	5
1237	4354	1
1237	4383	1
1237	4397	1
1237	4418	5
1237	4432	1
1237	4665	1
1237	4707	5
1237	5087	5
1237	5137	5
1237	5609	5
1237	5754	5
1237	6016	5
1237	6173	5
1237	6637	5
1237	6737	4
1237	6814	5
1237	6856	1
1237	6912	5
1237	6957	5
1237	7071	5
1237	7083	5
1237	7302	1
1237	7304	5
1237	7449	5
1237	7498	5
1237	7535	5
1237	7536	5
1237	7658	5
1237	7814	5
1237	7916	5
1237	8088	1
1237	8209	5
1237	8303	5
1237	8339	5
1237	8959	5
1237	9413	5
1237	9474	5
1237	9485	5
1237	9679	5
1237	9781	5
1237	9803	5
1237	9926	5
1237	9932	5
1237	10198	5
1237	10201	5
1237	10484	5
1237	10520	5
1237	10542	5
1269	2645	1
1269	4341	1
1269	4652	1
1269	4740	3
1269	7302	2
1269	9249	1
1849	1869	5
1849	1996	5
1849	2001	5
1849	2017	5
1849	2018	5
1849	2020	5
1849	2021	5
1849	2147	5
1849	2157	5
1849	2434	5
1849	2539	5
1849	2545	5
1849	2778	1
1849	2855	5
1849	2945	5
1849	2961	5
1849	3093	5
1849	3106	5
1849	3188	5
1849	3189	5
1849	3198	5
1849	3437	5
1849	3676	5
1849	3677	5
1849	3678	5
1849	3679	5
1849	3762	5
1849	4044	5
1849	4217	5
1849	4301	5
1849	4321	1
1849	4341	1
1849	4361	1
1849	4418	5
1849	4665	1
1849	4707	5
1849	5087	5
1849	5137	5
1849	5516	1
1849	5552	1
1849	5609	5
1849	5754	5
1849	5761	1
1849	6016	5
1849	6173	5
1849	6637	5
1849	6737	4
1849	6814	5
1849	6912	5
1849	6957	5
1849	7071	5
1849	7083	5
1849	7304	5
1849	7449	5
1849	7498	5
1849	7535	5
1849	7536	5
1849	7658	5
1849	7814	5
1849	7916	5
1849	8062	1
1849	8209	5
1849	8303	5
1849	8339	5
1849	8681	1
1849	8801	1
1849	8959	5
1849	9413	5
1849	9474	5
1849	9485	5
1849	9679	5
1849	9781	5
1849	9783	1
1849	9803	5
1849	9926	5
1849	9932	5
1849	10198	5
1849	10201	5
1849	10484	5
1849	10520	5
1849	10542	5
1869	1996	5
1869	2001	5
1869	2017	5
1869	2018	5
1869	2020	5
1869	2021	5
1869	2147	5
1869	2157	5
1869	2434	5
1869	2539	5
1869	2545	5
1869	2855	5
1869	2945	5
1869	2961	5
1869	3093	5
1869	3106	5
1869	3188	5
1869	3189	5
1869	3198	5
1869	3437	5
1869	3676	5
1869	3677	5
1869	3678	5
1869	3679	5
1869	3762	5
1869	4044	5
1869	4217	5
1869	4301	5
1869	4418	5
1869	4707	5
1869	5087	5
1869	5137	5
1869	5609	5
1869	5754	5
1869	6016	5
1869	6173	5
1869	6637	5
1869	6737	4
1869	6814	5
1869	6912	5
1869	6957	5
1869	7071	5
1869	7083	5
1869	7304	5
1869	7449	5
1869	7498	5
1869	7535	5
1869	7536	5
1869	7658	5
1869	7814	5
1869	7916	5
1869	8209	5
1869	8303	5
1869	8339	5
1869	8959	5
1869	9413	5
1869	9474	5
1869	9485	5
1869	9679	5
1869	9781	5
1869	9803	5
1869	9926	5
1869	9932	5
1869	10198	5
1869	10201	5
1869	10484	5
1869	10520	5
1869	10542	5
1979	4341	1
1979	4432	1
1979	4458	1
1979	4665	1
1979	7855	1
1979	7863	1
1979	8088	1
1979	9474	1
1982	3292	1
1982	4321	2
1982	4341	1
1982	4388	1
1987	2342	1
1987	3032	1
1987	4321	1
1987	4432	1
1987	4665	1
1987	7080	1
1987	7499	2
1987	8558	1
1987	9249	1
1987	9878	1
1996	2001	5
1996	2017	5
1996	2018	5
1996	2020	5
1996	2021	5
1996	2147	5
1996	2157	5
1996	2434	5
1996	2539	5
1996	2545	5
1996	2855	5
1996	2945	5
1996	2961	5
1996	3093	5
1996	3106	5
1996	3188	5
1996	3189	5
1996	3198	5
1996	3437	5
1996	3676	5
1996	3677	5
1996	3678	5
1996	3679	5
1996	3762	5
1996	4044	5
1996	4217	5
1996	4301	5
1996	4418	5
1996	4707	5
1996	5087	5
1996	5137	5
1996	5609	5
1996	5754	5
1996	6016	5
1996	6173	5
1996	6637	5
1996	6737	4
1996	6814	5
1996	6912	5
1996	6957	5
1996	7071	5
1996	7083	5
1996	7304	5
1996	7449	5
1996	7498	5
1996	7535	5
1996	7536	5
1996	7658	5
1996	7814	5
1996	7916	5
1996	8209	5
1996	8303	5
1996	8339	5
1996	8959	5
1996	9413	5
1996	9474	5
1996	9485	5
1996	9679	5
1996	9781	5
1996	9803	5
1996	9926	5
1996	9932	5
1996	10198	5
1996	10201	5
1996	10484	5
1996	10520	5
1996	10542	5
2001	2017	5
2001	2018	5
2001	2020	5
2001	2021	5
2001	2147	5
2001	2157	5
2001	2434	5
2001	2539	5
2001	2545	5
2001	2855	5
2001	2945	5
2001	2961	5
2001	3093	5
2001	3106	5
2001	3188	5
2001	3189	5
2001	3198	5
2001	3437	5
2001	3676	5
2001	3677	5
2001	3678	5
2001	3679	5
2001	3762	5
2001	4044	5
2001	4217	5
2001	4301	5
2001	4418	5
2001	4707	5
2001	5087	5
2001	5137	5
2001	5609	5
2001	5754	5
2001	6016	5
2001	6173	5
2001	6637	5
2001	6737	4
2001	6814	5
2001	6912	5
2001	6957	5
2001	7071	5
2001	7083	5
2001	7304	5
2001	7449	5
2001	7498	5
2001	7535	5
2001	7536	5
2001	7658	5
2001	7814	5
2001	7916	5
2001	8209	5
2001	8303	5
2001	8339	5
2001	8959	5
2001	9413	5
2001	9474	5
2001	9485	5
2001	9679	5
2001	9781	5
2001	9803	5
2001	9926	5
2001	9932	5
2001	10198	5
2001	10201	5
2001	10484	5
2001	10520	5
2001	10542	5
2017	2018	5
2017	2020	5
2017	2021	5
2017	2147	5
2017	2157	5
2017	2434	5
2017	2539	5
2017	2545	5
2017	2855	5
2017	2945	5
2017	2961	5
2017	3093	5
2017	3106	5
2017	3188	5
2017	3189	5
2017	3198	5
2017	3437	5
2017	3676	5
2017	3677	5
2017	3678	5
2017	3679	5
2017	3762	5
2017	4044	5
2017	4217	5
2017	4301	5
2017	4418	5
2017	4707	5
2017	5087	5
2017	5137	5
2017	5609	5
2017	5754	5
2017	6016	5
2017	6173	5
2017	6637	5
2017	6737	4
2017	6814	5
2017	6912	5
2017	6957	5
2017	7071	5
2017	7083	5
2017	7304	5
2017	7449	5
2017	7498	5
2017	7535	5
2017	7536	5
2017	7658	5
2017	7814	5
2017	7916	5
2017	8209	5
2017	8303	5
2017	8339	5
2017	8959	5
2017	9413	5
2017	9474	5
2017	9485	5
2017	9679	5
2017	9781	5
2017	9803	5
2017	9926	5
2017	9932	5
2017	10198	5
2017	10201	5
2017	10484	5
2017	10520	5
2017	10542	5
2018	2020	5
2018	2021	5
2018	2147	5
2018	2157	5
2018	2434	5
2018	2539	5
2018	2545	5
2018	2855	5
2018	2945	5
2018	2961	5
2018	3093	5
2018	3106	5
2018	3188	5
2018	3189	5
2018	3198	5
2018	3437	5
2018	3676	5
2018	3677	5
2018	3678	5
2018	3679	5
2018	3762	5
2018	4044	5
2018	4217	5
2018	4301	5
2018	4418	5
2018	4707	5
2018	5087	5
2018	5137	5
2018	5609	5
2018	5754	5
2018	6016	5
2018	6173	5
2018	6637	5
2018	6737	4
2018	6814	5
2018	6912	5
2018	6957	5
2018	7071	5
2018	7083	5
2018	7304	5
2018	7449	5
2018	7498	5
2018	7535	5
2018	7536	5
2018	7658	5
2018	7814	5
2018	7916	5
2018	8209	5
2018	8303	5
2018	8339	5
2018	8959	5
2018	9413	5
2018	9474	5
2018	9485	5
2018	9679	5
2018	9781	5
2018	9803	5
2018	9926	5
2018	9932	5
2018	10198	5
2018	10201	5
2018	10484	5
2018	10520	5
2018	10542	5
2020	2021	5
2020	2147	5
2020	2157	5
2020	2434	5
2020	2539	5
2020	2545	5
2020	2855	5
2020	2945	5
2020	2961	5
2020	3093	5
2020	3106	5
2020	3188	5
2020	3189	5
2020	3198	5
2020	3437	5
2020	3676	5
2020	3677	5
2020	3678	5
2020	3679	5
2020	3762	5
2020	4044	5
2020	4217	5
2020	4301	5
2020	4418	5
2020	4707	5
2020	5087	5
2020	5137	5
2020	5609	5
2020	5754	5
2020	6016	5
2020	6173	5
2020	6637	5
2020	6737	4
2020	6814	5
2020	6912	5
2020	6957	5
2020	7071	5
2020	7083	5
2020	7304	5
2020	7449	5
2020	7498	5
2020	7535	5
2020	7536	5
2020	7658	5
2020	7814	5
2020	7916	5
2020	8209	5
2020	8303	5
2020	8339	5
2020	8959	5
2020	9413	5
2020	9474	5
2020	9485	5
2020	9679	5
2020	9781	5
2020	9803	5
2020	9926	5
2020	9932	5
2020	10198	5
2020	10201	5
2020	10484	5
2020	10520	5
2020	10542	5
2021	2147	5
2021	2157	5
2021	2434	5
2021	2539	5
2021	2545	5
2021	2855	5
2021	2945	5
2021	2961	5
2021	3093	5
2021	3106	5
2021	3188	5
2021	3189	5
2021	3198	5
2021	3437	5
2021	3676	5
2021	3677	5
2021	3678	5
2021	3679	5
2021	3762	5
2021	4044	5
2021	4217	5
2021	4301	5
2021	4418	5
2021	4707	5
2021	5087	5
2021	5137	5
2021	5609	5
2021	5754	5
2021	6016	5
2021	6173	5
2021	6637	5
2021	6737	4
2021	6814	5
2021	6912	5
2021	6957	5
2021	7071	5
2021	7083	5
2021	7304	5
2021	7449	5
2021	7498	5
2021	7535	5
2021	7536	5
2021	7658	5
2021	7814	5
2021	7916	5
2021	8209	5
2021	8303	5
2021	8339	5
2021	8959	5
2021	9413	5
2021	9474	5
2021	9485	5
2021	9679	5
2021	9781	5
2021	9803	5
2021	9926	5
2021	9932	5
2021	10198	5
2021	10201	5
2021	10484	5
2021	10520	5
2021	10542	5
2147	2157	5
2147	2434	5
2147	2539	5
2147	2545	5
2147	2855	5
2147	2945	5
2147	2961	5
2147	3093	5
2147	3106	5
2147	3188	5
2147	3189	5
2147	3198	5
2147	3437	5
2147	3676	5
2147	3677	5
2147	3678	5
2147	3679	5
2147	3762	5
2147	4044	5
2147	4217	5
2147	4301	5
2147	4418	5
2147	4707	5
2147	5087	5
2147	5137	5
2147	5609	5
2147	5754	5
2147	6016	5
2147	6173	5
2147	6637	5
2147	6737	4
2147	6814	5
2147	6912	5
2147	6957	5
2147	7071	5
2147	7083	5
2147	7304	5
2147	7449	5
2147	7498	5
2147	7535	5
2147	7536	5
2147	7658	5
2147	7814	5
2147	7916	5
2147	8209	5
2147	8303	5
2147	8339	5
2147	8959	5
2147	9413	5
2147	9474	5
2147	9485	5
2147	9679	5
2147	9781	5
2147	9803	5
2147	9926	5
2147	9932	5
2147	10198	5
2147	10201	5
2147	10484	5
2147	10520	5
2147	10542	5
2157	2434	5
2157	2539	5
2157	2545	5
2157	2855	5
2157	2945	5
2157	2961	5
2157	3093	5
2157	3106	5
2157	3188	5
2157	3189	5
2157	3198	5
2157	3437	5
2157	3676	5
2157	3677	5
2157	3678	5
2157	3679	5
2157	3762	5
2157	4044	5
2157	4217	5
2157	4301	5
2157	4418	5
2157	4707	5
2157	5087	5
2157	5137	5
2157	5609	5
2157	5754	5
2157	6016	5
2157	6173	5
2157	6637	5
2157	6737	4
2157	6814	5
2157	6912	5
2157	6957	5
2157	7071	5
2157	7083	5
2157	7304	5
2157	7449	5
2157	7498	5
2157	7535	5
2157	7536	5
2157	7658	5
2157	7814	5
2157	7916	5
2157	8209	5
2157	8303	5
2157	8339	5
2157	8959	5
2157	9413	5
2157	9474	5
2157	9485	5
2157	9679	5
2157	9781	5
2157	9803	5
2157	9926	5
2157	9932	5
2157	10198	5
2157	10201	5
2157	10484	5
2157	10520	5
2157	10542	5
2342	2835	1
2342	4287	1
2342	7080	1
2342	8558	1
2342	9249	1
2400	3292	1
2400	3668	1
2400	4277	1
2400	4334	1
2400	4362	1
2400	4397	1
2400	4418	1
2400	4468	1
2400	4520	1
2400	5009	1
2400	9831	1
2400	10130	1
2434	2539	5
2434	2545	5
2434	2855	5
2434	2945	5
2434	2961	5
2434	3093	5
2434	3106	5
2434	3188	5
2434	3189	5
2434	3198	5
2434	3437	5
2434	3676	5
2434	3677	5
2434	3678	5
2434	3679	5
2434	3762	5
2434	4044	5
2434	4217	5
2434	4301	5
2434	4418	5
2434	4707	5
2434	5087	5
2434	5137	5
2434	5609	5
2434	5754	5
2434	6016	5
2434	6173	5
2434	6637	5
2434	6737	4
2434	6814	5
2434	6912	5
2434	6957	5
2434	7071	5
2434	7083	5
2434	7304	5
2434	7449	5
2434	7498	5
2434	7535	5
2434	7536	5
2434	7658	5
2434	7814	5
2434	7916	5
2434	8209	5
2434	8303	5
2434	8339	5
2434	8959	5
2434	9413	5
2434	9474	5
2434	9485	5
2434	9679	5
2434	9781	5
2434	9803	5
2434	9926	5
2434	9932	5
2434	10198	5
2434	10201	5
2434	10484	5
2434	10520	5
2434	10542	5
2471	4356	1
2471	4361	1
2471	4388	1
2471	4437	1
2471	4665	1
2471	7118	2
2471	8548	1
2471	9457	2
2471	9783	1
2471	9839	1
2539	2545	5
2539	2855	5
2539	2945	5
2539	2961	5
2539	3093	5
2539	3106	5
2539	3188	5
2539	3189	5
2539	3198	5
2539	3437	5
2539	3676	5
2539	3677	5
2539	3678	5
2539	3679	5
2539	3762	5
2539	4044	5
2539	4217	5
2539	4301	5
2539	4418	5
2539	4707	5
2539	5087	5
2539	5137	5
2539	5609	5
2539	5754	5
2539	6016	5
2539	6173	5
2539	6637	5
2539	6737	4
2539	6814	5
2539	6912	5
2539	6957	5
2539	7071	5
2539	7083	5
2539	7304	5
2539	7449	5
2539	7498	5
2539	7535	5
2539	7536	5
2539	7658	5
2539	7814	5
2539	7916	5
2539	8209	5
2539	8303	5
2539	8339	5
2539	8959	5
2539	9413	5
2539	9474	5
2539	9485	5
2539	9679	5
2539	9781	5
2539	9803	5
2539	9926	5
2539	9932	5
2539	10198	5
2539	10201	5
2539	10484	5
2539	10520	5
2539	10542	5
2545	2855	5
2545	2945	5
2545	2961	5
2545	3093	5
2545	3106	5
2545	3188	5
2545	3189	5
2545	3198	5
2545	3437	5
2545	3676	5
2545	3677	5
2545	3678	5
2545	3679	5
2545	3762	5
2545	4044	5
2545	4217	5
2545	4301	5
2545	4418	5
2545	4707	5
2545	5087	5
2545	5137	5
2545	5609	5
2545	5754	5
2545	6016	5
2545	6173	5
2545	6637	5
2545	6737	4
2545	6814	5
2545	6912	5
2545	6957	5
2545	7071	5
2545	7083	5
2545	7304	5
2545	7449	5
2545	7498	5
2545	7535	5
2545	7536	5
2545	7658	5
2545	7814	5
2545	7916	5
2545	8209	5
2545	8303	5
2545	8339	5
2545	8959	5
2545	9413	5
2545	9474	5
2545	9485	5
2545	9679	5
2545	9781	5
2545	9803	5
2545	9926	5
2545	9932	5
2545	10198	5
2545	10201	5
2545	10484	5
2545	10520	5
2545	10542	5
2645	2778	1
2645	4298	1
2645	4341	1
2645	4652	1
2645	5516	1
2645	5552	1
2645	5962	1
2645	8062	1
2645	8706	1
2645	9249	1
2645	9779	1
2645	9831	1
2774	3214	1
2774	3668	1
2774	4317	1
2774	4321	1
2774	4389	1
2774	4418	1
2774	4432	1
2774	4648	1
2774	4665	2
2774	10131	1
2778	4321	1
2778	4341	1
2778	4361	1
2778	4455	1
2778	4665	1
2778	5516	3
2778	5552	1
2778	5761	1
2778	8062	3
2778	8681	2
2778	8801	1
2778	9779	1
2778	9783	1
2835	3908	1
2835	4287	1
2855	2945	5
2855	2961	5
2855	3093	5
2855	3106	5
2855	3188	5
2855	3189	5
2855	3198	5
2855	3437	5
2855	3676	5
2855	3677	5
2855	3678	5
2855	3679	5
2855	3762	5
2855	4044	5
2855	4217	5
2855	4301	5
2855	4418	5
2855	4707	5
2855	5087	5
2855	5137	5
2855	5609	5
2855	5754	5
2855	6016	5
2855	6173	5
2855	6637	5
2855	6737	4
2855	6814	5
2855	6912	5
2855	6957	5
2855	7071	5
2855	7083	5
2855	7304	5
2855	7449	5
2855	7498	5
2855	7535	5
2855	7536	5
2855	7658	5
2855	7814	5
2855	7916	5
2855	8209	5
2855	8303	5
2855	8339	5
2855	8959	5
2855	9413	5
2855	9474	5
2855	9485	5
2855	9679	5
2855	9781	5
2855	9803	5
2855	9926	5
2855	9932	5
2855	10198	5
2855	10201	5
2855	10484	5
2855	10520	5
2855	10542	5
2945	2961	5
2945	3093	5
2945	3106	5
2945	3188	5
2945	3189	5
2945	3198	5
2945	3437	5
2945	3676	5
2945	3677	5
2945	3678	5
2945	3679	5
2945	3762	5
2945	4044	5
2945	4217	5
2945	4301	5
2945	4418	5
2945	4707	5
2945	5087	5
2945	5137	5
2945	5609	5
2945	5754	5
2945	6016	5
2945	6173	5
2945	6637	5
2945	6737	4
2945	6814	5
2945	6912	5
2945	6957	5
2945	7071	5
2945	7083	5
2945	7304	5
2945	7449	5
2945	7498	5
2945	7535	5
2945	7536	5
2945	7658	5
2945	7814	5
2945	7916	5
2945	8209	5
2945	8303	5
2945	8339	5
2945	8959	5
2945	9413	5
2945	9474	5
2945	9485	5
2945	9679	5
2945	9781	5
2945	9803	5
2945	9926	5
2945	9932	5
2945	10198	5
2945	10201	5
2945	10484	5
2945	10520	5
2945	10542	5
2961	3093	5
2961	3106	5
2961	3188	5
2961	3189	5
2961	3198	5
2961	3437	5
2961	3676	5
2961	3677	5
2961	3678	5
2961	3679	5
2961	3762	5
2961	4044	5
2961	4217	5
2961	4301	5
2961	4418	5
2961	4707	5
2961	5087	5
2961	5137	5
2961	5609	5
2961	5754	5
2961	6016	5
2961	6173	5
2961	6637	5
2961	6737	4
2961	6814	5
2961	6912	5
2961	6957	5
2961	7071	5
2961	7083	5
2961	7304	5
2961	7449	5
2961	7498	5
2961	7535	5
2961	7536	5
2961	7658	5
2961	7814	5
2961	7916	5
2961	8209	5
2961	8303	5
2961	8339	5
2961	8959	5
2961	9413	5
2961	9474	5
2961	9485	5
2961	9679	5
2961	9781	5
2961	9803	5
2961	9926	5
2961	9932	5
2961	10198	5
2961	10201	5
2961	10484	5
2961	10520	5
2961	10542	5
3032	3668	1
3032	4298	1
3032	4341	1
3032	4432	3
3032	5584	1
3032	7202	2
3032	7863	1
3032	9878	1
3093	3106	5
3093	3188	5
3093	3189	5
3093	3198	5
3093	3437	5
3093	3676	5
3093	3677	5
3093	3678	5
3093	3679	5
3093	3762	5
3093	4044	5
3093	4217	5
3093	4301	5
3093	4418	5
3093	4707	5
3093	5087	5
3093	5137	5
3093	5609	5
3093	5754	5
3093	6016	5
3093	6173	5
3093	6637	5
3093	6737	4
3093	6814	5
3093	6912	5
3093	6957	5
3093	7071	5
3093	7083	5
3093	7304	5
3093	7449	5
3093	7498	5
3093	7535	5
3093	7536	5
3093	7658	5
3093	7814	5
3093	7916	5
3093	8209	5
3093	8303	5
3093	8339	5
3093	8959	5
3093	9413	5
3093	9474	5
3093	9485	5
3093	9679	5
3093	9781	5
3093	9803	5
3093	9926	5
3093	9932	5
3093	10198	5
3093	10201	5
3093	10484	5
3093	10520	5
3093	10542	5
3106	3188	5
3106	3189	5
3106	3198	5
3106	3437	5
3106	3676	5
3106	3677	5
3106	3678	5
3106	3679	5
3106	3762	5
3106	4044	5
3106	4217	5
3106	4301	5
3106	4418	5
3106	4707	5
3106	5087	5
3106	5137	5
3106	5609	5
3106	5754	5
3106	6016	5
3106	6173	5
3106	6637	5
3106	6737	4
3106	6814	5
3106	6912	5
3106	6957	5
3106	7071	5
3106	7083	5
3106	7304	5
3106	7449	5
3106	7498	5
3106	7535	5
3106	7536	5
3106	7658	5
3106	7814	5
3106	7916	5
3106	8209	5
3106	8303	5
3106	8339	5
3106	8959	5
3106	9413	5
3106	9474	5
3106	9485	5
3106	9679	5
3106	9781	5
3106	9803	5
3106	9926	5
3106	9932	5
3106	10198	5
3106	10201	5
3106	10484	5
3106	10520	5
3106	10542	5
3188	3189	5
3188	3198	5
3188	3437	5
3188	3676	5
3188	3677	5
3188	3678	5
3188	3679	5
3188	3762	5
3188	4044	5
3188	4217	5
3188	4301	5
3188	4418	5
3188	4707	5
3188	5087	5
3188	5137	5
3188	5609	5
3188	5754	5
3188	6016	5
3188	6173	5
3188	6637	5
3188	6737	4
3188	6814	5
3188	6912	5
3188	6957	5
3188	7071	5
3188	7083	5
3188	7304	5
3188	7449	5
3188	7498	5
3188	7535	5
3188	7536	5
3188	7658	5
3188	7814	5
3188	7916	5
3188	8209	5
3188	8303	5
3188	8339	5
3188	8959	5
3188	9413	5
3188	9474	5
3188	9485	5
3188	9679	5
3188	9781	5
3188	9803	5
3188	9926	5
3188	9932	5
3188	10198	5
3188	10201	5
3188	10484	5
3188	10520	5
3188	10542	5
3189	3198	5
3189	3437	5
3189	3676	5
3189	3677	5
3189	3678	5
3189	3679	5
3189	3762	5
3189	4044	5
3189	4217	5
3189	4301	5
3189	4418	5
3189	4707	5
3189	5087	5
3189	5137	5
3189	5609	5
3189	5754	5
3189	6016	5
3189	6173	5
3189	6637	5
3189	6737	4
3189	6814	5
3189	6912	5
3189	6957	5
3189	7071	5
3189	7083	5
3189	7304	5
3189	7449	5
3189	7498	5
3189	7535	5
3189	7536	5
3189	7658	5
3189	7814	5
3189	7916	5
3189	8209	5
3189	8303	5
3189	8339	5
3189	8959	5
3189	9413	5
3189	9474	5
3189	9485	5
3189	9679	5
3189	9781	5
3189	9803	5
3189	9926	5
3189	9932	5
3189	10198	5
3189	10201	5
3189	10484	5
3189	10520	5
3189	10542	5
3198	3437	5
3198	3676	5
3198	3677	5
3198	3678	5
3198	3679	5
3198	3762	5
3198	4044	5
3198	4217	5
3198	4301	5
3198	4418	5
3198	4707	5
3198	5087	5
3198	5137	5
3198	5609	5
3198	5754	5
3198	6016	5
3198	6173	5
3198	6637	5
3198	6737	4
3198	6814	5
3198	6912	5
3198	6957	5
3198	7071	5
3198	7083	5
3198	7304	5
3198	7449	5
3198	7498	5
3198	7535	5
3198	7536	5
3198	7658	5
3198	7814	5
3198	7916	5
3198	8209	5
3198	8303	5
3198	8339	5
3198	8959	5
3198	9413	5
3198	9474	5
3198	9485	5
3198	9679	5
3198	9781	5
3198	9803	5
3198	9926	5
3198	9932	5
3198	10198	5
3198	10201	5
3198	10484	5
3198	10520	5
3198	10542	5
3214	4307	1
3214	4321	1
3214	4334	1
3214	4397	1
3214	4437	1
3214	4648	1
3214	7202	1
3214	7302	1
3214	7863	1
3214	8205	1
3214	8807	2
3214	8808	1
3214	9779	1
3214	9783	1
3214	9878	1
3292	4317	1
3292	4321	1
3292	4341	3
3292	4362	1
3292	4449	1
3292	5009	1
3292	9246	1
3292	9783	1
3292	10811	1
3437	3676	5
3437	3677	5
3437	3678	5
3437	3679	5
3437	3762	5
3437	4044	5
3437	4217	5
3437	4301	5
3437	4418	5
3437	4707	5
3437	5087	5
3437	5137	5
3437	5609	5
3437	5754	5
3437	6016	5
3437	6173	5
3437	6637	5
3437	6737	4
3437	6814	5
3437	6912	5
3437	6957	5
3437	7071	5
3437	7083	5
3437	7304	5
3437	7449	5
3437	7498	5
3437	7535	5
3437	7536	5
3437	7658	5
3437	7814	5
3437	7916	5
3437	8209	5
3437	8303	5
3437	8339	5
3437	8959	5
3437	9413	5
3437	9474	5
3437	9485	5
3437	9679	5
3437	9781	5
3437	9803	5
3437	9926	5
3437	9932	5
3437	10198	5
3437	10201	5
3437	10484	5
3437	10520	5
3437	10542	5
3668	4341	1
3668	4361	1
3668	4389	1
3668	4418	1
3668	4432	1
3668	4520	1
3668	4665	1
3668	5584	1
3668	7202	1
3676	3677	5
3676	3678	5
3676	3679	5
3676	3762	5
3676	4044	5
3676	4217	5
3676	4301	5
3676	4418	5
3676	4707	5
3676	5087	5
3676	5137	5
3676	5609	5
3676	5754	5
3676	6016	5
3676	6173	5
3676	6637	5
3676	6737	4
3676	6814	5
3676	6912	5
3676	6957	5
3676	7071	5
3676	7083	5
3676	7304	5
3676	7449	5
3676	7498	5
3676	7535	5
3676	7536	5
3676	7658	5
3676	7814	5
3676	7916	5
3676	8209	5
3676	8303	5
3676	8339	5
3676	8959	5
3676	9413	5
3676	9474	5
3676	9485	5
3676	9679	5
3676	9781	5
3676	9803	5
3676	9926	5
3676	9932	5
3676	10198	5
3676	10201	5
3676	10484	5
3676	10520	5
3676	10542	5
3677	3678	5
3677	3679	5
3677	3762	5
3677	4044	5
3677	4217	5
3677	4301	5
3677	4418	5
3677	4707	5
3677	5087	5
3677	5137	5
3677	5609	5
3677	5754	5
3677	6016	5
3677	6173	5
3677	6637	5
3677	6737	4
3677	6814	5
3677	6912	5
3677	6957	5
3677	7071	5
3677	7083	5
3677	7304	5
3677	7449	5
3677	7498	5
3677	7535	5
3677	7536	5
3677	7658	5
3677	7814	5
3677	7916	5
3677	8209	5
3677	8303	5
3677	8339	5
3677	8959	5
3677	9413	5
3677	9474	5
3677	9485	5
3677	9679	5
3677	9781	5
3677	9803	5
3677	9926	5
3677	9932	5
3677	10198	5
3677	10201	5
3677	10484	5
3677	10520	5
3677	10542	5
3678	3679	5
3678	3762	5
3678	4044	5
3678	4217	5
3678	4301	5
3678	4418	5
3678	4707	5
3678	5087	5
3678	5137	5
3678	5609	5
3678	5754	5
3678	6016	5
3678	6173	5
3678	6637	5
3678	6737	4
3678	6814	5
3678	6912	5
3678	6957	5
3678	7071	5
3678	7083	5
3678	7304	5
3678	7449	5
3678	7498	5
3678	7535	5
3678	7536	5
3678	7658	5
3678	7814	5
3678	7916	5
3678	8209	5
3678	8303	5
3678	8339	5
3678	8959	5
3678	9413	5
3678	9474	5
3678	9485	5
3678	9679	5
3678	9781	5
3678	9803	5
3678	9926	5
3678	9932	5
3678	10198	5
3678	10201	5
3678	10484	5
3678	10520	5
3678	10542	5
3679	3762	5
3679	4044	5
3679	4217	5
3679	4301	5
3679	4418	5
3679	4707	5
3679	5087	5
3679	5137	5
3679	5609	5
3679	5754	5
3679	6016	5
3679	6173	5
3679	6637	5
3679	6737	4
3679	6814	5
3679	6912	5
3679	6957	5
3679	7071	5
3679	7083	5
3679	7304	5
3679	7449	5
3679	7498	5
3679	7535	5
3679	7536	5
3679	7658	5
3679	7814	5
3679	7916	5
3679	8209	5
3679	8303	5
3679	8339	5
3679	8959	5
3679	9413	5
3679	9474	5
3679	9485	5
3679	9679	5
3679	9781	5
3679	9803	5
3679	9926	5
3679	9932	5
3679	10198	5
3679	10201	5
3679	10484	5
3679	10520	5
3679	10542	5
3762	4044	5
3762	4217	5
3762	4301	5
3762	4418	5
3762	4707	5
3762	5087	5
3762	5137	5
3762	5609	5
3762	5754	5
3762	6016	5
3762	6173	5
3762	6637	5
3762	6737	4
3762	6814	5
3762	6912	5
3762	6957	5
3762	7071	5
3762	7083	5
3762	7304	5
3762	7449	5
3762	7498	5
3762	7535	5
3762	7536	5
3762	7658	5
3762	7814	5
3762	7916	5
3762	8209	5
3762	8303	5
3762	8339	5
3762	8959	5
3762	9413	5
3762	9474	5
3762	9485	5
3762	9679	5
3762	9781	5
3762	9803	5
3762	9926	5
3762	9932	5
3762	10198	5
3762	10201	5
3762	10484	5
3762	10520	5
3762	10542	5
3908	4305	1
3908	4307	1
3908	4334	2
3908	4397	1
3908	4432	1
3908	4460	1
3908	4520	1
3908	4651	1
3908	4661	1
3908	5552	2
3908	5962	1
3908	8558	1
3908	8801	1
3908	8812	1
3908	9779	1
3908	9783	1
3959	4341	1
3959	4342	1
3959	4356	3
3959	4388	1
3959	5625	2
3959	7132	3
3959	7799	3
3959	8548	2
4044	4217	5
4044	4301	5
4044	4418	5
4044	4707	5
4044	5087	5
4044	5137	5
4044	5609	5
4044	5754	5
4044	6016	5
4044	6173	5
4044	6637	5
4044	6737	4
4044	6814	5
4044	6912	5
4044	6957	5
4044	7071	5
4044	7083	5
4044	7304	5
4044	7449	5
4044	7498	5
4044	7535	5
4044	7536	5
4044	7658	5
4044	7814	5
4044	7916	5
4044	8209	5
4044	8303	5
4044	8339	5
4044	8959	5
4044	9413	5
4044	9474	5
4044	9485	5
4044	9679	5
4044	9781	5
4044	9803	5
4044	9926	5
4044	9932	5
4044	10198	5
4044	10201	5
4044	10484	5
4044	10520	5
4044	10542	5
4217	4301	5
4217	4418	5
4217	4707	5
4217	5087	5
4217	5137	5
4217	5609	5
4217	5754	5
4217	6016	5
4217	6173	5
4217	6637	5
4217	6737	4
4217	6814	5
4217	6912	5
4217	6957	5
4217	7071	5
4217	7083	5
4217	7304	5
4217	7449	5
4217	7498	5
4217	7535	5
4217	7536	5
4217	7658	5
4217	7814	5
4217	7916	5
4217	8209	5
4217	8303	5
4217	8339	5
4217	8959	5
4217	9413	5
4217	9474	5
4217	9485	5
4217	9679	5
4217	9781	5
4217	9803	5
4217	9926	5
4217	9932	5
4217	10198	5
4217	10201	5
4217	10484	5
4217	10520	5
4217	10542	5
4277	4378	1
4277	4397	2
4277	4432	1
4287	4334	1
4287	4354	1
4287	4361	1
4287	4383	1
4287	4388	1
4287	4389	1
4287	4458	1
4287	5009	1
4287	5161	1
4287	8808	1
4287	9704	1
4287	9769	1
4287	9779	1
4287	9831	1
4298	4317	1
4298	4321	2
4298	4432	1
4298	4665	1
4298	5009	1
4298	5013	1
4298	5161	1
4298	5552	2
4298	5962	1
4298	7202	1
4298	7863	1
4298	8205	1
4298	8706	1
4298	9534	1
4298	9704	1
4298	9831	1
4301	4418	5
4301	4707	5
4301	5087	5
4301	5137	5
4301	5609	5
4301	5754	5
4301	6016	5
4301	6173	5
4301	6637	5
4301	6737	4
4301	6814	5
4301	6912	5
4301	6957	5
4301	7071	5
4301	7083	5
4301	7304	5
4301	7449	5
4301	7498	5
4301	7535	5
4301	7536	5
4301	7658	5
4301	7814	5
4301	7916	5
4301	8209	5
4301	8303	5
4301	8339	5
4301	8959	5
4301	9413	5
4301	9474	5
4301	9485	5
4301	9679	5
4301	9781	5
4301	9803	5
4301	9926	5
4301	9932	5
4301	10198	5
4301	10201	5
4301	10484	5
4301	10520	5
4301	10542	5
4305	4307	1
4305	4520	1
4307	4334	1
4307	4341	2
4307	4361	2
4307	4418	1
4307	4455	1
4307	4648	1
4307	4651	1
4307	4661	1
4307	7202	1
4307	7498	1
4307	7863	1
4307	8807	2
4307	9249	1
4307	9779	1
4307	9839	1
4317	4341	3
4317	4342	1
4317	4343	1
4317	4361	1
4317	4362	1
4317	4418	1
4317	4432	2
4317	4437	1
4317	4449	1
4317	4652	1
4317	4665	3
4317	5009	1
4317	5013	1
4317	5161	1
4317	5496	1
4317	5498	1
4317	7499	1
4317	8205	1
4317	8807	1
4317	9246	1
4317	9704	2
4317	9783	1
4317	10131	3
4317	10811	1
4321	4334	1
4321	4341	2
4321	4361	2
4321	4455	1
4321	4648	2
4321	4652	1
4321	4665	2
4321	5013	1
4321	5496	2
4321	5516	1
4321	5552	2
4321	5761	1
4321	6856	1
4321	7080	1
4321	7285	1
4321	7499	1
4321	8062	1
4321	8681	2
4321	8800	1
4321	8801	1
4321	8808	1
4321	8812	2
4321	9534	1
4321	9783	2
4321	10130	1
4321	10131	1
4334	4354	1
4334	4362	1
4334	4455	1
4334	4468	1
4334	4648	1
4334	4651	1
4334	5552	1
4334	7202	1
4334	7863	1
4334	8558	1
4334	8681	1
4334	8801	1
4334	8807	1
4334	8812	1
4334	9779	1
4334	9783	1
4334	9831	1
4334	10130	1
4334	10131	1
4341	4342	1
4341	4356	1
4341	4361	8
4341	4362	2
4341	4397	1
4341	4432	5
4341	4449	1
4341	4648	3
4341	4652	1
4341	4661	1
4341	4665	2
4341	5496	1
4341	5516	1
4341	5552	2
4341	5584	1
4341	5625	1
4341	5761	2
4341	6099	1
4341	6856	1
4341	7132	1
4341	7202	1
4341	7799	1
4341	8062	1
4341	8088	1
4341	8548	1
4341	8681	1
4341	8800	1
4341	8801	2
4341	8807	1
4341	8891	1
4341	9246	1
4341	9249	2
4341	9474	1
4341	9704	1
4341	9783	3
4341	9810	2
4341	10131	1
4341	10811	1
4342	4356	1
4342	4361	1
4342	4362	1
4342	4665	1
4342	5498	1
4342	7132	1
4342	7799	1
4342	10131	1
4343	4665	1
4354	4383	1
4354	4397	1
4354	4432	1
4354	4665	1
4354	6856	1
4354	7302	1
4354	8088	1
4354	9779	1
4356	4388	1
4356	5625	2
4356	7132	3
4356	7799	3
4356	8548	3
4361	4362	1
4361	4383	1
4361	4388	2
4361	4389	1
4361	4397	1
4361	4418	1
4361	4432	4
4361	4458	1
4361	4648	3
4361	4652	1
4361	4665	2
4361	5009	1
4361	5161	1
4361	5516	1
4361	5552	1
4361	5761	1
4361	6099	2
4361	6856	1
4361	7080	1
4361	7118	1
4361	7855	1
4361	8062	1
4361	8681	1
4361	8706	1
4361	8801	2
4361	8807	1
4361	8808	1
4361	8812	1
4361	9246	1
4361	9249	1
4361	9457	1
4361	9704	2
4361	9769	1
4361	9783	2
4361	9810	1
4361	9831	1
4361	9839	1
4362	4389	1
4362	4432	1
4362	4449	1
4362	4468	1
4362	4796	1
4362	7499	1
4362	9769	1
4362	9783	2
4362	9831	1
4362	10130	1
4362	10131	1
4378	4397	1
4378	4432	3
4378	4651	1
4378	4796	2
4378	5013	1
4378	5502	1
4378	8800	1
4378	8807	1
4378	8808	1
4378	9457	1
4378	9783	1
4383	4388	2
4383	4389	1
4383	4397	1
4383	4432	1
4383	4458	1
4383	4468	1
4383	4648	1
4383	4665	2
4383	5009	2
4383	5161	1
4383	5502	1
4383	6737	1
4383	6856	1
4383	7202	1
4383	7302	1
4383	8088	1
4383	8706	1
4383	8808	1
4383	8891	1
4383	9704	1
4383	9769	1
4383	9783	1
4383	9831	1
4383	9878	1
4388	4389	1
4388	4432	2
4388	4458	2
4388	4665	2
4388	4796	1
4388	4823	3
4388	5009	1
4388	5161	1
4388	5584	1
4388	5625	1
4388	5761	1
4388	7118	3
4388	7132	1
4388	7799	1
4388	8548	1
4388	8706	1
4388	8808	1
4388	9246	1
4388	9457	1
4388	9534	1
4388	9704	1
4388	9769	2
4388	9831	1
4388	9839	1
4388	10811	1
4389	4458	1
4389	4665	1
4389	4796	1
4389	5009	1
4389	5161	1
4389	8808	1
4389	9704	1
4389	9769	1
4389	9831	1
4397	4432	4
4397	4437	1
4397	4460	1
4397	4665	1
4397	6856	2
4397	7302	2
4397	8088	1
4397	8205	1
4397	8807	1
4418	4432	2
4418	4455	1
4418	4520	1
4418	4665	1
4418	4707	5
4418	5087	5
4418	5137	5
4418	5609	5
4418	5754	5
4418	6016	5
4418	6173	5
4418	6637	5
4418	6737	4
4418	6814	5
4418	6912	5
4418	6957	5
4418	7071	5
4418	7080	1
4418	7083	5
4418	7304	5
4418	7449	5
4418	7498	5
4418	7535	5
4418	7536	5
4418	7658	5
4418	7814	5
4418	7916	5
4418	8209	5
4418	8303	5
4418	8339	5
4418	8959	5
4418	9413	5
4418	9474	5
4418	9485	5
4418	9679	5
4418	9781	5
4418	9783	1
4418	9803	5
4418	9810	1
4418	9839	1
4418	9926	5
4418	9932	5
4418	10131	1
4418	10198	5
4418	10201	5
4418	10484	5
4418	10520	5
4418	10542	5
4432	4449	1
4432	4458	1
4432	4460	1
4432	4665	3
4432	4796	2
4432	4823	1
4432	5502	1
4432	5584	2
4432	6099	2
4432	6856	2
4432	7118	1
4432	7202	2
4432	7285	1
4432	7302	1
4432	7499	1
4432	7855	1
4432	7863	1
4432	8088	3
4432	8800	1
4432	8808	1
4432	9474	1
4432	9534	1
4432	9783	1
4432	9878	1
4432	10131	2
4437	7118	1
4437	7302	1
4437	8205	1
4437	8807	1
4437	9457	1
4437	9783	1
4449	4458	1
4449	4652	1
4449	4665	1
4449	9783	1
4455	5516	1
4455	8062	1
4455	8681	2
4455	9839	1
4455	10131	1
4458	4665	2
4458	5009	1
4458	5161	1
4458	5584	1
4458	7855	1
4458	7863	1
4458	8808	1
4458	9534	1
4458	9704	1
4458	9769	1
4458	9831	1
4468	4665	2
4468	5009	1
4468	5502	2
4468	6737	1
4468	7202	1
4468	7863	1
4468	8807	1
4468	8891	1
4468	9783	1
4468	9831	1
4468	9878	1
4468	10130	1
4520	5962	1
4520	6099	1
4520	8558	1
4648	4652	1
4648	8801	1
4648	8812	1
4651	4796	1
4651	5009	1
4651	5013	1
4651	5552	2
4651	7498	1
4651	8801	1
4651	8812	1
4651	9457	1
4651	9783	1
4651	10130	1
4652	8812	1
4652	9249	1
4661	5552	1
4661	8807	1
4661	8891	1
4661	9779	2
4665	5009	2
4665	5013	2
4665	5161	1
4665	5498	2
4665	5502	2
4665	5516	1
4665	5552	1
4665	5625	1
4665	5761	1
4665	6737	1
4665	6856	1
4665	7118	2
4665	7202	1
4665	7285	1
4665	7302	1
4665	7499	1
4665	7855	1
4665	7863	2
4665	8062	1
4665	8088	1
4665	8205	1
4665	8681	1
4665	8800	1
4665	8801	1
4665	8807	2
4665	8808	2
4665	8891	1
4665	9457	1
4665	9704	1
4665	9783	4
4665	9839	2
4665	9878	1
4665	10130	1
4665	10131	3
4707	5087	5
4707	5137	5
4707	5609	5
4707	5754	5
4707	6016	5
4707	6173	5
4707	6637	5
4707	6737	4
4707	6814	5
4707	6912	5
4707	6957	5
4707	7071	5
4707	7083	5
4707	7304	5
4707	7449	5
4707	7498	5
4707	7535	5
4707	7536	5
4707	7658	5
4707	7814	5
4707	7916	5
4707	8209	5
4707	8303	5
4707	8339	5
4707	8959	5
4707	9413	5
4707	9474	5
4707	9485	5
4707	9679	5
4707	9781	5
4707	9803	5
4707	9926	5
4707	9932	5
4707	10198	5
4707	10201	5
4707	10484	5
4707	10520	5
4707	10542	5
4740	7302	3
4796	4823	1
4796	5009	1
4796	5502	1
4796	5552	1
4796	7118	1
4796	8800	1
4796	8807	1
4796	8808	1
4796	10130	1
4823	7118	1
4823	9246	2
4823	10811	2
5009	5013	1
5009	5161	2
5009	5502	1
5009	5552	1
5009	6737	1
5009	7202	1
5009	8205	1
5009	8808	1
5009	8891	1
5009	9704	2
5009	9769	1
5009	9783	1
5009	9831	1
5009	9878	1
5009	10130	1
5013	5161	1
5013	7285	1
5013	8205	1
5013	8800	1
5013	8808	1
5013	9457	1
5013	9704	1
5013	9783	2
5013	10130	1
5087	5137	5
5087	5609	5
5087	5754	5
5087	6016	5
5087	6173	5
5087	6637	5
5087	6737	4
5087	6814	5
5087	6912	5
5087	6957	5
5087	7071	5
5087	7083	5
5087	7304	5
5087	7449	5
5087	7498	5
5087	7535	5
5087	7536	5
5087	7658	5
5087	7814	5
5087	7916	5
5087	8209	5
5087	8303	5
5087	8339	5
5087	8959	5
5087	9413	5
5087	9474	5
5087	9485	5
5087	9679	5
5087	9781	5
5087	9803	5
5087	9926	5
5087	9932	5
5087	10198	5
5087	10201	5
5087	10484	5
5087	10520	5
5087	10542	5
5137	5609	5
5137	5754	5
5137	6016	5
5137	6173	5
5137	6637	5
5137	6737	4
5137	6814	5
5137	6912	5
5137	6957	5
5137	7071	5
5137	7083	5
5137	7304	5
5137	7449	5
5137	7498	5
5137	7535	5
5137	7536	5
5137	7658	5
5137	7814	5
5137	7916	5
5137	8209	5
5137	8303	5
5137	8339	5
5137	8959	5
5137	9413	5
5137	9474	5
5137	9485	5
5137	9679	5
5137	9781	5
5137	9803	5
5137	9926	5
5137	9932	5
5137	10198	5
5137	10201	5
5137	10484	5
5137	10520	5
5137	10542	5
5161	8205	1
5161	8374	4
5161	8808	1
5161	9704	2
5161	9769	1
5161	9831	1
5496	6856	1
5498	10131	2
5502	6737	1
5502	6931	1
5502	7202	1
5502	7863	1
5502	7997	1
5502	8800	1
5502	8807	1
5502	8808	1
5502	8891	1
5502	9783	1
5502	9878	1
5516	5552	1
5516	5761	1
5516	8062	3
5516	8681	2
5516	8801	1
5516	9779	1
5516	9783	1
5552	5761	1
5552	5962	1
5552	8062	1
5552	8681	1
5552	8706	1
5552	8801	2
5552	8812	1
5552	9779	1
5552	9783	1
5552	9810	1
5552	9831	1
5552	10130	1
5584	7202	1
5584	7855	1
5584	8088	1
5584	8891	1
5584	9534	2
5609	5754	5
5609	6016	5
5609	6173	5
5609	6637	5
5609	6737	4
5609	6814	5
5609	6912	5
5609	6957	5
5609	7071	5
5609	7083	5
5609	7304	5
5609	7449	5
5609	7498	5
5609	7535	5
5609	7536	5
5609	7658	5
5609	7814	5
5609	7916	5
5609	8209	5
5609	8303	5
5609	8339	5
5609	8959	5
5609	9413	5
5609	9474	5
5609	9485	5
5609	9679	5
5609	9781	5
5609	9803	5
5609	9926	5
5609	9932	5
5609	10198	5
5609	10201	5
5609	10484	5
5609	10520	5
5609	10542	5
5625	7132	2
5625	7799	2
5625	8548	2
5754	6016	5
5754	6173	5
5754	6637	5
5754	6737	4
5754	6814	5
5754	6912	5
5754	6957	5
5754	7071	5
5754	7083	5
5754	7304	5
5754	7449	5
5754	7498	5
5754	7535	5
5754	7536	5
5754	7658	5
5754	7814	5
5754	7916	5
5754	8209	5
5754	8303	5
5754	8339	5
5754	8959	5
5754	9413	5
5754	9474	5
5754	9485	5
5754	9679	5
5754	9781	5
5754	9803	5
5754	9926	5
5754	9932	5
5754	10198	5
5754	10201	5
5754	10484	5
5754	10520	5
5754	10542	5
5761	8062	1
5761	8681	1
5761	8801	1
5761	9783	1
5761	10131	1
5962	8558	1
5962	8706	1
5962	9831	1
6016	6173	5
6016	6637	5
6016	6737	4
6016	6814	5
6016	6912	5
6016	6957	5
6016	7071	5
6016	7083	5
6016	7304	5
6016	7449	5
6016	7498	5
6016	7535	5
6016	7536	5
6016	7658	5
6016	7814	5
6016	7916	5
6016	8209	5
6016	8303	5
6016	8339	5
6016	8959	5
6016	9413	5
6016	9474	5
6016	9485	5
6016	9679	5
6016	9781	5
6016	9803	5
6016	9926	5
6016	9932	5
6016	10198	5
6016	10201	5
6016	10484	5
6016	10520	5
6016	10542	5
6173	6637	5
6173	6737	4
6173	6814	5
6173	6912	5
6173	6957	5
6173	7071	5
6173	7083	5
6173	7304	5
6173	7449	5
6173	7498	5
6173	7535	5
6173	7536	5
6173	7658	5
6173	7814	5
6173	7916	5
6173	8209	5
6173	8303	5
6173	8339	5
6173	8959	5
6173	9413	5
6173	9474	5
6173	9485	5
6173	9679	5
6173	9781	5
6173	9803	5
6173	9926	5
6173	9932	5
6173	10198	5
6173	10201	5
6173	10484	5
6173	10520	5
6173	10542	5
6637	6737	4
6637	6814	5
6637	6912	5
6637	6957	5
6637	7071	5
6637	7083	5
6637	7304	5
6637	7449	5
6637	7498	5
6637	7535	5
6637	7536	5
6637	7658	5
6637	7814	5
6637	7916	5
6637	8209	5
6637	8303	5
6637	8339	5
6637	8959	5
6637	9413	5
6637	9474	5
6637	9485	5
6637	9679	5
6637	9781	5
6637	9803	5
6637	9926	5
6637	9932	5
6637	10198	5
6637	10201	5
6637	10484	5
6637	10520	5
6637	10542	5
6737	6814	4
6737	6912	4
6737	6957	4
6737	7071	4
6737	7083	4
6737	7202	1
6737	7304	4
6737	7449	4
6737	7498	4
6737	7535	4
6737	7536	4
6737	7658	4
6737	7814	4
6737	7916	4
6737	8209	4
6737	8303	4
6737	8339	4
6737	8891	1
6737	8959	4
6737	9413	4
6737	9474	4
6737	9485	4
6737	9679	4
6737	9781	4
6737	9783	1
6737	9803	4
6737	9878	1
6737	9926	4
6737	9932	4
6737	10198	4
6737	10201	4
6737	10484	4
6737	10520	4
6737	10542	4
6814	6912	5
6814	6957	5
6814	7071	5
6814	7083	5
6814	7304	5
6814	7449	5
6814	7498	5
6814	7535	5
6814	7536	5
6814	7658	5
6814	7814	5
6814	7916	5
6814	8209	5
6814	8303	5
6814	8339	5
6814	8959	5
6814	9413	5
6814	9474	5
6814	9485	5
6814	9679	5
6814	9781	5
6814	9803	5
6814	9926	5
6814	9932	5
6814	10198	5
6814	10201	5
6814	10484	5
6814	10520	5
6814	10542	5
6856	7302	1
6856	8088	1
6912	6957	5
6912	7071	5
6912	7083	5
6912	7304	5
6912	7449	5
6912	7498	5
6912	7535	5
6912	7536	5
6912	7658	5
6912	7814	5
6912	7916	5
6912	8209	5
6912	8303	5
6912	8339	5
6912	8959	5
6912	9413	5
6912	9474	5
6912	9485	5
6912	9679	5
6912	9781	5
6912	9803	5
6912	9926	5
6912	9932	5
6912	10198	5
6912	10201	5
6912	10484	5
6912	10520	5
6912	10542	5
6931	7997	3
6957	7071	5
6957	7083	5
6957	7304	5
6957	7449	5
6957	7498	5
6957	7535	5
6957	7536	5
6957	7658	5
6957	7814	5
6957	7916	5
6957	8209	5
6957	8303	5
6957	8339	5
6957	8959	5
6957	9413	5
6957	9474	5
6957	9485	5
6957	9679	5
6957	9781	5
6957	9803	5
6957	9926	5
6957	9932	5
6957	10198	5
6957	10201	5
6957	10484	5
6957	10520	5
6957	10542	5
7071	7083	5
7071	7304	5
7071	7449	5
7071	7498	5
7071	7535	5
7071	7536	5
7071	7658	5
7071	7814	5
7071	7916	5
7071	8209	5
7071	8303	5
7071	8339	5
7071	8959	5
7071	9413	5
7071	9474	5
7071	9485	5
7071	9679	5
7071	9781	5
7071	9803	5
7071	9926	5
7071	9932	5
7071	10198	5
7071	10201	5
7071	10484	5
7071	10520	5
7071	10542	5
7080	8558	1
7080	9249	1
7080	9783	1
7080	9810	1
7083	7304	5
7083	7449	5
7083	7498	5
7083	7535	5
7083	7536	5
7083	7658	5
7083	7814	5
7083	7916	5
7083	8209	5
7083	8303	5
7083	8339	5
7083	8959	5
7083	9413	5
7083	9474	5
7083	9485	5
7083	9679	5
7083	9781	5
7083	9803	5
7083	9926	5
7083	9932	5
7083	10198	5
7083	10201	5
7083	10484	5
7083	10520	5
7083	10542	5
7118	9457	2
7118	9783	1
7118	9839	1
7132	7799	3
7132	8548	2
7202	7863	2
7202	8807	1
7202	8891	1
7202	9783	1
7202	9878	1
7285	8800	1
7285	8808	1
7285	9783	1
7285	10130	1
7302	8088	1
7302	8205	1
7302	8807	1
7302	10811	1
7304	7449	5
7304	7498	5
7304	7535	5
7304	7536	5
7304	7658	5
7304	7814	5
7304	7916	5
7304	8209	5
7304	8303	5
7304	8339	5
7304	8959	5
7304	9413	5
7304	9474	5
7304	9485	5
7304	9679	5
7304	9781	5
7304	9803	5
7304	9926	5
7304	9932	5
7304	10198	5
7304	10201	5
7304	10484	5
7304	10520	5
7304	10542	5
7449	7498	5
7449	7535	5
7449	7536	5
7449	7658	5
7449	7814	5
7449	7916	5
7449	8209	5
7449	8303	5
7449	8339	5
7449	8959	5
7449	9413	5
7449	9474	5
7449	9485	5
7449	9679	5
7449	9781	5
7449	9803	5
7449	9926	5
7449	9932	5
7449	10198	5
7449	10201	5
7449	10484	5
7449	10520	5
7449	10542	5
7498	7535	5
7498	7536	5
7498	7658	5
7498	7814	5
7498	7916	5
7498	8209	5
7498	8303	5
7498	8339	5
7498	8959	5
7498	9413	5
7498	9474	5
7498	9485	5
7498	9679	5
7498	9781	5
7498	9803	5
7498	9926	5
7498	9932	5
7498	10198	5
7498	10201	5
7498	10484	5
7498	10520	5
7498	10542	5
7499	9783	1
7499	10131	1
7535	7536	5
7535	7658	5
7535	7814	5
7535	7916	5
7535	8209	5
7535	8303	5
7535	8339	5
7535	8959	5
7535	9413	5
7535	9474	5
7535	9485	5
7535	9679	5
7535	9781	5
7535	9803	5
7535	9926	5
7535	9932	5
7535	10198	5
7535	10201	5
7535	10484	5
7535	10520	5
7535	10542	5
7536	7658	5
7536	7814	5
7536	7916	5
7536	8209	5
7536	8303	5
7536	8339	5
7536	8959	5
7536	9413	5
7536	9474	5
7536	9485	5
7536	9679	5
7536	9781	5
7536	9803	5
7536	9926	5
7536	9932	5
7536	10198	5
7536	10201	5
7536	10484	5
7536	10520	5
7536	10542	5
7658	7814	5
7658	7916	5
7658	8209	5
7658	8303	5
7658	8339	5
7658	8959	5
7658	9413	5
7658	9474	5
7658	9485	5
7658	9679	5
7658	9781	5
7658	9803	5
7658	9926	5
7658	9932	5
7658	10198	5
7658	10201	5
7658	10484	5
7658	10520	5
7658	10542	5
7799	8548	2
7814	7916	5
7814	8209	5
7814	8303	5
7814	8339	5
7814	8959	5
7814	9413	5
7814	9474	5
7814	9485	5
7814	9679	5
7814	9781	5
7814	9803	5
7814	9926	5
7814	9932	5
7814	10198	5
7814	10201	5
7814	10484	5
7814	10520	5
7814	10542	5
7855	7863	1
7855	8088	1
7855	9534	1
7863	8807	2
7916	8209	5
7916	8303	5
7916	8339	5
7916	8959	5
7916	9413	5
7916	9474	5
7916	9485	5
7916	9679	5
7916	9781	5
7916	9803	5
7916	9926	5
7916	9932	5
7916	10198	5
7916	10201	5
7916	10484	5
7916	10520	5
7916	10542	5
8062	8681	2
8062	8801	1
8062	9779	1
8062	9783	1
8088	9474	1
8088	9534	1
8205	8807	1
8205	9474	1
8205	9704	1
8209	8303	5
8209	8339	5
8209	8959	5
8209	9413	5
8209	9474	5
8209	9485	5
8209	9679	5
8209	9781	5
8209	9803	5
8209	9926	5
8209	9932	5
8209	10198	5
8209	10201	5
8209	10484	5
8209	10520	5
8209	10542	5
8303	8339	5
8303	8959	5
8303	9413	5
8303	9474	5
8303	9485	5
8303	9679	5
8303	9781	5
8303	9803	5
8303	9926	5
8303	9932	5
8303	10198	5
8303	10201	5
8303	10484	5
8303	10520	5
8303	10542	5
8339	8959	5
8339	9413	5
8339	9474	5
8339	9485	5
8339	9679	5
8339	9781	5
8339	9803	5
8339	9926	5
8339	9932	5
8339	10198	5
8339	10201	5
8339	10484	5
8339	10520	5
8339	10542	5
8558	9249	1
8558	9783	1
8681	8801	1
8681	9783	1
8681	10131	1
8706	9831	1
8800	8808	2
8800	9783	1
8800	10130	1
8801	8812	1
8801	9783	1
8807	8808	1
8807	9704	1
8807	9779	1
8808	9704	1
8808	9769	1
8808	9783	1
8808	9831	1
8808	10130	1
8891	9783	1
8891	9878	1
8959	9413	5
8959	9474	5
8959	9485	5
8959	9679	5
8959	9781	5
8959	9803	5
8959	9926	5
8959	9932	5
8959	10198	5
8959	10201	5
8959	10484	5
8959	10520	5
8959	10542	5
9246	10811	2
9413	9474	5
9413	9485	5
9413	9679	5
9413	9781	5
9413	9803	5
9413	9926	5
9413	9932	5
9413	10198	5
9413	10201	5
9413	10484	5
9413	10520	5
9413	10542	5
9457	9783	2
9457	9839	1
9474	9485	5
9474	9679	5
9474	9781	5
9474	9803	5
9474	9926	5
9474	9932	5
9474	10198	5
9474	10201	5
9474	10484	5
9474	10520	5
9474	10542	5
9485	9679	5
9485	9781	5
9485	9803	5
9485	9926	5
9485	9932	5
9485	10198	5
9485	10201	5
9485	10484	5
9485	10520	5
9485	10542	5
9679	9781	5
9679	9803	5
9679	9926	5
9679	9932	5
9679	10198	5
9679	10201	5
9679	10484	5
9679	10520	5
9679	10542	5
9704	9769	1
9704	9831	1
9769	9831	1
9779	9783	1
9779	9878	1
9781	9803	5
9781	9926	5
9781	9932	5
9781	10198	5
9781	10201	5
9781	10484	5
9781	10520	5
9781	10542	5
9783	9810	1
9783	9839	1
9783	9878	2
9783	10130	1
9783	10131	1
9803	9926	5
9803	9932	5
9803	10198	5
9803	10201	5
9803	10484	5
9803	10520	5
9803	10542	5
9831	10130	1
9926	9932	5
9926	10198	5
9926	10201	5
9926	10484	5
9926	10520	5
9926	10542	5
9932	10198	5
9932	10201	5
9932	10484	5
9932	10520	5
9932	10542	5
10198	10201	5
10198	10484	5
10198	10520	5
10198	10542	5
10201	10484	5
10201	10520	5
10201	10542	5
10484	10520	5
10484	10542	5
10520	10542	5
